T1 0 4
T3 4 27
T0 27 41
T2 41 75
T4 75 81
B4 0 17
B1 17 24
B2 24 36
B3 36 69
B0 69 81
30 7 30 4 0 35 25 7 15 32 6 36 13 17 14 16 8 13 38 3 12 15 14 20 11 15 18 0 9 1 5 18 40 25 24 35 2 39 19 19 38 0 35 1 38 29 7 20 35 34 29 30 4 27 7 23 1 18 35 4 29 12 17 7 33 10 22 31 25 25 17 39 27 30 34 0 2 27 22 5 40 40
28 24 14 5 25 16 37 37 26 14 2 24 14 29 8 18 22 0 16 22 14 40 20 16 0 8 2 3 33 31 12 19 2 12 5 9 0 13 35 34 24 5 28 2 33 40 38 11 27 5 19 33 25 26 23 34 32 26 40 8 21 4 33 36 9 20 15 7 34 0 26 17 21 10 1 34 33 20 6 13 9 20