T0 0 123
T3 123 127
T4 127 185
T10 185 188
T5 188 212
T1 212 231
T12 231 242
T2 242 248
T7 248 259
T11 259 435
T6 435 503
T9 503 560
T8 560 566
B13 0 25
B16 25 109
B2 109 121
B4 121 126
B18 126 182
B8 182 187
B17 187 196
B10 196 202
B9 202 210
B7 210 239
B12 239 265
B1 265 423
B6 423 439
B0 439 449
B11 449 517
B3 517 521
B5 521 524
B15 524 548
B14 548 566
59 49 72 16 22 53 81 61 68 63 58 25 43 2 97 94 50 7 2 30 27 19 52 37 62 89 19 66 73 1 54 81 44 51 85 100 61 98 84 15 66 79 12 33 8 25 58 33 97 59 90 78 85 94 31 20 27 41 62 82 51 45 55 58 30 60 25 92 49 88 5 59 73 19 5 13 39 19 73 26 12 26 82 58 26 54 39 81 67 76 74 24 79 24 75 81 33 70 12 69 55 85 72 88 11 64 96 33 24 78 87 76 83 29 100 66 19 50 92 24 47 93 46 0 51 82 2 0 66 51 80 60 55 6 45 90 80 42 15 46 12 33 53 26 71 54 42 91 56 65 5 81 77 94 44 99 47 44 31 61 44 2 66 27 61 39 51 97 48 54 49 12 48 94 47 100 63 24 74 49 54 97 89 4 84 0 58 43 0 19 47 48 69 99 45 56 99 54 46 11 81 12 2 18 61 25 66 65 54 83 14 81 0 57 39 12 45 80 42 64 31 62 89 54 25 54 16 30 65 92 37 0 93 65 81 87 26 20 33 88 70 22 0 78 74 79 3 65 0 15 49 53 98 55 91 96 47 81 59 0 9 46 78 15 62 8 63 72 27 85 66 58 23 38 30 82 52 48 77 42 18 27 78 32 81 48 38 55 90 53 31 38 11 56 91 23 67 79 84 89 36 73 10 1 36 16 84 70 76 9 6 48 58 2 25 63 30 46 90 42 84 49 8 71 5 26 89 38 77 59 41 65 100 79 50 51 15 8 26 4 66 32 5 24 12 56 83 27 88 72 24 91 62 85 50 18 46 1 18 5 43 63 72 75 27 27 17 84 58 90 39 24 2 56 70 64 78 69 61 1 38 91 13 72 84 27 94 47 72 7 28 77 94 21 75 91 41 5 23 80 99 59 32 72 46 88 28 89 23 57 27 20 67 62 91 80 57 44 86 91 77 13 55 71 19 84 6 15 36 32 93 8 31 75 55 0 18 34 43 17 28 99 9 23 91 51 61 49 25 4 59 95 64 62 83 44 15 88 86 40 20 76 36 36 74 65 81 29 65 28 99 90 21 59 51 2 82 22 45 11 36 82 32 57 95 37 83 23 4 12 2 74 48 47 10 38 6 93 48 94 5 76 59 0 43 81 46 25 3 20 85 45 84 56 33 29 25 70 50 51 76 46 63 100 32 86 48 18 23 69 31 18 60 23 98 31 14 5 96 44 67 85 84 72 79 91 58 28 67 31 91 16 65 74 10 51 4 46 44 6 0 52 20 86 39 26 71
23 95 55 91 45 34 54 71 15 88 49 40 57 28 28 81 67 69 3 17 64 46 93 41 50 0 15 92 47 72 40 84 20 70 61 16 28 85 89 49 35 1 11 26 31 30 48 11 92 58 3 93 55 97 93 92 43 92 90 21 69 58 28 50 73 61 61 15 1 77 65 68 88 94 76 66 85 30 9 78 55 7 27 11 39 29 33 54 44 79 99 65 77 55 69 70 45 2 58 49 11 86 64 67 68 38 25 8 18 0 76 39 20 81 45 65 78 63 84 32 17 0 39 49 10 77 0 8 80 34 12 44 97 18 47 96 61 60 12 69 66 59 32 87 49 36 8 44 97 98 75 88 7 64 94 77 80 62 24 86 8 49 32 15 12 33 15 30 28 73 62 36 79 96 33 4 28 56 7 47 79 9 0 12 43 7 80 0 83 10 88 55 13 37 57 5 0 95 97 71 47 10 0 25 41 76 12 79 14 50 0 61 97 11 100 93 61 40 66 51 13 35 21 94 45 18 50 58 55 62 35 28 31 42 85 99 66 93 18 0 31 23 70 23 87 80 94 93 41 47 18 2 60 76 19 23 1 27 21 63 6 80 39 79 43 0 4 28 39 1 29 36 6 13 94 71 63 35 57 32 26 95 69 97 51 25 74 33 41 90 24 53 88 39 3 92 20 27 68 47 64 61 66 44 7 33 87 36 44 34 31 3 90 77 73 44 82 52 60 54 49 65 91 97 93 52 35 15 47 48 95 9 22 3 76 39 94 82 2 94 87 13 51 54 59 54 35 63 94 47 77 85 3 14 15 8 59 48 62 55 38 82 82 55 89 23 46 88 31 34 82 71 63 10 68 11 65 78 28 43 57 9 16 93 82 30 56 68 27 34 10 62 29 2 23 43 70 8 69 88 91 58 75 98 3 37 5 61 75 82 59 81 30 65 52 48 76 5 46 27 41 14 43 0 72 15 17 94 10 28 57 85 11 54 43 36 99 95 39 0 43 59 95 96 36 33 88 27 8 0 79 35 20 90 29 22 53 78 64 82 80 26 53 53 59 42 12 6 22 93 72 17 53 55 80 62 52 48 3 40 37 12 47 43 75 18 58 37 7 33 19 53 26 43 20 14 4 67 50 82 46 37 21 97 64 82 28 5 52 59 51 15 65 48 97 73 71 0 13 43 70 0 69 44 0 62 98 69 78 42 66 99 77 48 20 81 35 54 9 2 29 10 31 11 41 78 80 62 0 19 18 6 97 80 44 57 41 71 6 58 62 61 74 40 93 63 5