T8 0 8
T12 8 28
T4 28 45
T1 45 123
T2 123 125
T10 125 131
T6 131 156
T5 156 161
T0 161 197
T11 197 254
T7 254 261
T3 261 270
T9 270 312
T14 312 320
T13 320 334
B3 0 44
B1 44 74
B5 74 80
B6 80 100
B2 100 246
B0 246 314
B4 314 334
15 12 9 67 5 27 11 22 0 57 2 21 80 15 71 68 75 66 25 21 48 15 40 9 26 65 63 39 0 69 10 56 79 5 22 75 13 69 34 19 70 6 16 20 3 0 44 27 60 27 20 10 79 40 32 27 18 1 35 8 46 58 5 75 36 31 55 29 80 71 35 24 74 67 61 80 67 59 12 36 70 23 63 67 74 43 61 49 62 54 41 67 76 22 38 10 79 46 50 16 61 14 42 29 1 19 73 31 50 20 52 26 11 8 22 69 17 79 42 65 48 80 4 0 8 0 40 62 68 57 31 0 52 78 13 54 55 13 44 24 24 65 8 42 3 27 5 55 60 79 25 49 57 38 36 45 0 55 34 37 10 0 65 7 78 78 53 52 39 53 23 28 29 11 39 31 37 48 56 6 62 13 68 16 32 44 66 63 21 19 59 40 18 35 6 73 77 0 73 70 43 39 55 19 46 18 47 23 78 43 5 2 39 2 7 9 79 31 76 31 14 70 67 50 29 36 57 53 70 23 41 61 46 78 36 16 53 28 57 75 5 76 9 62 15 16 40 4 56 51 66 67 65 6 0 69 66 43 26 40 62 0 60 7 76 40 55 42 43 13 0 59 32 45 52 46 57 56 17 57 15 37 45 32 12 65 80 49 38 45 41 48 3 72 51 74 10 50 62 18 43 16 65 26 25 13 27 7 40 4 32 22 0 15 80 41 59 15 51 3 0 24 64 41 26 65 80 25 5 33 69 48 11 28 34
37 63 77 34 28 49 67 62 56 80 42 3 61 48 35 14 41 39 52 1 74 64 49 69 9 16 49 5 1 31 55 51 38 6 39 35 63 22 56 64 75 21 80 43 0 26 12 79 27 3 17 71 33 73 59 60 68 48 3 23 71 26 2 54 29 72 77 14 77 6 8 46 22 43 0 17 36 33 24 74 0 27 4 79 47 72 39 70 47 40 55 54 57 41 77 72 40 50 53 44 0 76 53 19 13 66 72 58 1 28 20 57 52 61 33 16 7 61 16 59 17 30 7 14 38 19 29 4 34 11 75 60 12 29 18 12 70 50 46 77 71 7 13 20 53 70 25 25 8 33 43 73 74 66 33 28 5 29 59 71 58 28 30 38 35 19 54 22 44 68 75 54 58 7 23 69 19 27 49 72 2 31 15 17 22 58 20 61 49 38 47 15 30 42 33 57 59 78 26 31 29 32 46 12 62 2 51 70 34 3 56 16 17 68 69 23 42 59 9 14 52 20 21 46 3 65 28 61 19 1 61 56 37 11 73 38 33 47 22 43 42 60 50 60 47 45 0 35 60 12 48 23 37 24 64 19 65 13 49 56 63 10 32 30 39 71 27 60 52 76 58 71 29 48 77 20 54 8 15 49 26 48 35 70 7 17 30 33 51 5 38 35 54 31 38 28 32 12 69 26 35 37 37 45 7 42 80 56 8 78 33 13 50 69 0 60 4 75 18 77 78 59 42 53 39 30 28 64 64 44 46 41 21 12 3