T11 0 20
T5 20 23
T1 23 53
T6 53 56
T7 56 88
T2 88 175
T12 175 186
T9 186 216
T3 216 226
T4 226 229
T0 229 241
T8 241 244
T10 244 267
B7 0 2
B4 2 41
B0 41 170
B2 170 196
B1 196 227
B6 227 242
B5 242 245
B3 245 250
B8 250 267
96 1 58 88 70 83 65 96 98 24 7 71 33 87 13 5 24 50 90 83 0 47 58 0 77 30 59 30 45 67 96 70 36 2 10 99 99 21 31 50 68 30 92 14 57 7 17 18 78 74 56 41 72 0 69 2 0 12 16 68 61 25 14 44 50 100 11 34 80 5 21 81 36 14 12 54 13 47 53 79 21 46 81 68 13 73 78 6 0 8 45 96 5 74 23 42 31 6 63 76 32 51 14 13 82 13 93 5 11 53 27 89 13 62 96 52 92 68 31 18 4 54 47 71 10 28 10 69 74 92 4 8 2 81 10 30 13 39 2 99 21 33 89 12 8 74 77 65 93 82 57 4 60 85 46 99 81 14 25 6 69 72 22 62 51 50 5 64 18 93 64 65 69 67 76 0 72 87 89 96 26 1 24 77 91 83 0 85 93 10 30 38 69 24 62 55 47 37 18 53 65 52 58 73 57 50 92 77 45 84 58 73 2 23 77 38 0 71 23 12 90 50 30 79 66 17 0 25 98 0 1 47 8 38 19 87 78 67 17 72 76 0 74 86 0 20 21 45 100 29 85 42 98 72 85 97 85 29 100 43 42 28 67 44 16 65 40 100
23 6 0 33 12 47 17 35 15 2 62 94 98 46 41 94 81 40 71 14 30 93 73 3 15 51 25 9 42 84 9 12 78 52 65 25 33 16 15 86 64 0 61 34 16 100 97 71 93 45 60 26 10 39 16 22 95 88 4 29 56 6 65 67 53 30 12 82 83 43 76 8 51 18 40 42 8 49 83 86 22 75 48 64 58 77 72 18 10 87 43 64 23 100 60 86 76 26 23 1 62 45 23 69 65 90 54 40 18 93 100 71 9 81 38 29 40 83 42 3 58 3 96 17 100 34 77 63 68 3 14 80 60 44 87 34 68 92 91 61 17 15 61 17 9 52 67 61 59 5 79 51 33 63 58 9 44 18 75 61 76 91 5 9 60 22 43 1 90 28 0 21 74 12 91 63 37 50 40 19 17 38 72 1 61 49 20 9 28 35 66 57 58 38 54 6 0 46 4 34 76 32 62 93 82 79 23 87 61 74 82 72 27 34 74 89 5 25 55 82 63 68 32 31 1 81 26 0 60 90 92 32 16 9 45 24 13 1 24 36 63 51 0 21 4 0 48 85 90 95 0 90 64 15 36 10 68 33 77 15 21 81 76 14 50 96 45 90